  6.4408482e-002 -1.1049192e+001  2.5250000e+000
  2.5668165e+000 -1.0851257e+001  2.4870000e+000
  1.6769382e-001 -9.8808062e+000  9.0560000e+000
  4.7492188e+000 -9.3143916e+000  7.5660000e+000
  6.5327992e+000 -7.6602184e+000  3.4030000e+000
  8.7024883e-002 -7.6253207e+000  1.1281000e+001
  5.6969052e+000 -7.1594569e+000  9.4230000e+000
  7.9597916e+000 -5.4272344e+000  4.4330000e+000
  6.9562168e-001 -4.9024289e+000  1.3146000e+001
  6.4745633e+000 -4.6889839e+000  1.0861000e+001
  8.6489851e+000 -2.7562770e+000  5.2400000e+000
  8.7025042e-001 -2.3348552e+000  1.3898000e+001
  6.6002487e+000 -2.1190547e+000  1.1715000e+001
  8.7832918e+000 -4.4406017e-001  6.6510000e+000
  1.4311106e+000  7.0669981e-001  1.3539000e+001
  6.2405331e+000  6.4142871e-001  1.2021000e+001
  7.9118160e+000  2.0216835e+000  7.5330000e+000
  1.7244489e+000  5.7824667e+000  9.9680000e+000
  3.9627783e+000  5.4234520e+000  9.7270000e+000
 -2.2274578e+000 -1.0741663e+001  2.4960000e+000
 -4.1119853e+000 -8.4814583e+000  7.6700000e+000
 -5.7855427e+000 -6.5597864e+000  3.4140000e+000
 -4.9019137e+000 -6.0686959e+000  9.5220000e+000
 -6.6951883e+000 -3.9510425e+000  4.5060000e+000
 -5.0116938e+000 -3.4403800e+000  1.0944000e+001
 -7.0269522e+000 -1.3170490e+000  5.1290000e+000
 -4.3638324e+000 -6.7132233e-001  1.2026000e+001
 -6.4363021e+000  1.0953466e+000  6.6240000e+000
 -3.0695638e+000  1.9034370e+000  1.2154000e+001
 -5.2720696e+000  3.2148307e+000  7.5830000e+000
 -3.9824594e-002  5.9024165e+000  9.9860000e+000
